203218
398039
68636
181836
540996
930033
422285
378153
672440
707408
109697
398485
1173910
415416
402147
166368
12325
392021
16394
417597
711470
1029925
493301
708193
11730
929893
10639
15734
617880
711015
713882
146092
710814
129370
11514
117726
162549
146243
146139
18287
415349
1005078
207075
146114
12336
328724
402414
673688
61854
1162679
12256
9525
14721
929982
1371
474439
1184200
583402
272
476676
554986
1161170
156295
929490
493881
1059959
205536
931580
400663
1180572
930679
9739
929586
207647
684173
12721
1142190
117373
11865
1175074
117521
117491
18424
146297
69482
382515
92399
770574
420986
401319
169980
712855
549367
432576
15949
11611
699700
47847
673575
731042
30494
10216
1160987
400845
117734
525094
814637
16039
581991
342683
710899
219092
117111
930455
62352
16402
17704
885734
69553
17752
221850
61856
402274
1182269
15975
62449
1191
673721
929925
706717
789146
1080840
399745
631048
708309
74977
404174
152951
401677
753216
711721
627641
210534
12045
10549
949421
15487
792904
11467
740
536043
531258
16167
1060119
510156
474426
11373
162263
124
958671
929899
491151
695811
18621
16374
17805
710508
217339
930031
162858
711654
708093
402429
929829
63412
707642
1159
403204
11906
711795
816912
402093
12332
11288
549288
710862
1060009
130099
113
117541
210279
162761
338435
711136
17552
190923
763340
61716
983940
929739
357683
712228
411132
672267
64030
10538
1059550
15357
1004644
706298
711233
12161
19345
130110
18342
1154937
697670
430237
929591
588624
15762
129343
1011230
930072
15942
526276
12880
12471
9683
13319
68857
399115
1082164
16480
1605
929854
16943
711766
1082204
697485
14953
399383
711384
62758
76835
17035
19359
710858
274251
1156479
1146738
16089
1151370
550434
673659
496316
696538
1061711
16774
930671
929824
427081
931604
418627
717970
964817
673559
15193
707672
1174771
711679
1004876
713499
929482
582
79444
976506
17501
1143877
18143
17885
10641
425280
434436
422397
552526
708384
1326
476142
872
710817
285580
1650
402312
1152334
1019025
929618
197821
9608
710827
10663
929472
430075
514100
57924
402776
708106
16022
250580
62059
423593
1005160
443580
550040
895283
18163
929983
146091
12099
19274
10022
717759
1043267
1051128
412296
930773
62927
514162
1020063
12310
717651
146395
1157083
787609
183911
63056
687704
511515
75018
16994
721765
1059991
1018466
165253
191969
19344
536030
395581
399871
69891
171780
710987
16101
708651
540026
130138
767521
1144106
18339
13422
1052
1170415
861458
1161218
711264
14133
549912
401182
669970
1285
15523
15689
1162405
701270
418151
1069066
673651
401342
422691
388879
15241
929881
107
402415
407350
467586
673590
382786
700832
547141
1029357
962946
50296
680315
15252
402930
64353
117225
1177725
18609
452631
120108
183756
513861
146414
405117
16396
117454
711504
710361
406185
709227
10715
5997
708750
1077143
522549
711407
140980
925017
178447
701265
711461
10725
551437
196129
12227
402178
478660
15520
162671
711263
12147
497797
630269
18694
18654
493356
1184699
6639
401813
1181287
402763
882160
147553
1156976
631623
129386
132090
5062
708016
146161
617745
930059
710093
1169916
929513
69475
709906
29792
572861
1158922
117453
707108
11553
12040
1170427
167169
435010
893226
709992
1032231
737240
146143
62129
1029663
68350
217357
430791
404873
179849
934175
1059993
154811
494802
9651
1986
117645
127674
710568
162800
12394
711686
342664
402303
16157
401846
929989
132232
401316
402716
274742
339219
17873
738225
12060
15819
11634
167244
12233
706974
117434
140345
216351
176827
709445
395460
117261
693457
673629
17849
930027
15658
129380
16145
710796
553474
673622
930181
531246
711691
205008
1184783
816427
631634
190927
390225
711143
711131
632097
129364
533370
163087
16473
845111
1143880
539609
520710
454008
11179
480445
217261
929962
705
16507
156988
531184
10551
97336
216380
114969
763919
10662
672487
1021641
117486
929585
146407
1036641
1184369
710751
816236
672
17050
600635
711232
1158435
146101
12385
1156997
18009
510322
9835
672265
15653
591221
162765
399754
1158923
17054
130135
962
711199
1023611
676009
1146675
9877
1137851
439593
198823
18638
390838
930416
16328
930254
117492
1044842
18613
23935
934650
161927
711443
30918
711588
65254
399811
162764
17962
54464
1514
69249
929579
14723
713560
930860
117271
1168303
401603
10046
146180
9810
1181731
673514
130107
1351
717272
17967
818796
19323
673713
401609
401829
845433
711562
673728
711563
1175134
674086
428864
711536
66454
16996
1051204
496399
1073189
494217
16440
399407
402819
494126
710226
1060007
116958
717154
424932
420596
930037
552236
10509
274606
435806
401601
12696
113619
18017
553098
61765
8581
1030038
485029
461035
701920
10472
743322
162772
491660
513879
342365
929576
1160986
16138
11674
1061717
144598
1045064
401420
117254
774951
715990
343150
1139962
401278
224393
18406
402310
709216
1184579
547188
956633
146372
1140263
674840
964903
516976
12368
146349
438504
486901
1153927
17516
1162431
498994
1082220
146284
8966
738419
10499
14702
484589
1158928
710720
491074
397816
148822
673619
226192
551605
11374
200443
129384
1146712
929779
146560
401943
515451
184503
5549
554712
130073
673534
929623
673537
627547
929722
14988
15502
401795
929502
930836
12206
146122
454172
402596
117742
974034
130127
711236
8613
402811
515393
15763
9519
480006
12084
17005
14995
69193
12724
716095
402578
257541
11635
711641
1167043
117386
197842
148234
399983
1046338
179984
2933
709547
422940
15231
1162430
673610
652
978207
929499
12698
16252
293257
929558
1166096
513870
14739
1055436
929910
711077
117545
710760
553583
15127
19241
218820
421375
98106
9762
407333
12086
480515
32940
1165221
709867
401411
1166946
789127
398484
665592
930237
112475
357929
130071
408121
712561
1175102
708556
428794
146408
13426
64059
710937
400056
1434
401353
711056
710897
952075
360451
1004830
15923
516538
489241
1078954
929857
13720
532499
460564
1158184
48032
711256
18191
553476
432849
17697
710793
1080338
20859
117407
1642
823
710894
1074436
17076
673197
552044
711712
117484
149050
929734
12646
513862
401915
43010
13434
16530
217633
414871
15818
15009
163236
149387
13118
673708
421646
18396
201259
61850
162207
130078
664075
10396
390348
195427
117698
930035
686365
238870
705846
930966
11691
391659
630175
9146
402223
15978
9712
402411
421683
509345
708457
1168824
146084
549911
1158926
680314
56367
9717
1152
1720
493382
16837
15951
1004877
62316
225315
61690
246
402774
52064
976912
342364
700859
1029540
917835
910227
742158
402328
290574
15940
709557
16368
298496
17888
32
131781
13402
929825
516975
16950
89399
1050750
454180
864094
163045
477061
149282
207059
816494
217264
146402
675793
710553
401745
236438
11930
550921
18254
1174706
444
132222
207063
100081
17488
399144
12654
402018
712867
117361
210033
367282
61658
1158918
15208
1012474
875238
12432
910132
12694
18700
1158892
11749
707434
691441
931521
11181
320631
217421
430946
1000988
481501
767132
1184169
68663
709279
549565
399906
214763
949371
673579
14591
320573
12460
401396
1158919
1169278
428072
709034
146065
929679
16426
1031562
1059586
1184196
1180055
18421
14273
11787
409541
207689
929924
1151096
1155188
69819
20775
934373
706953
700951
929728
9677
10705
899045
888783
710797
12435
1559
117138
710836
726771
709421
711726
14221
406499
437519
130132
14689
930445
58240
10788
401928
17963
10194
742088
16332
12848
929987
1061543
737241
62616
514141
141328
708440
453340
930234
672168
211447
1146661
14714
649814
401433
10689
117168
711274
11911
526265
117172
69406
400413
918775
490839
709180
68661
15187
689528
842182
117250
424414
18226
1177512
660283
12381
631627
399610
10435
15548
416278
17865
587
1157214
13329
353071
1053286
803829
711217
423669
929859
717867
330791
12715
347578
81471
13520
399381
430962
30729
708634
12544
711118
711204
16481
711214
226134
12122
196629
17870
216291
17764
321574
717269
13427
30421
11399
117128
1080191
930058
402011
5590
117727
1007222
677026
117426
10198
1155023
11215
141408
132236
17008
18632
15452
816198
710865
13525
676023
1165021
1029775
1155473
711249
1155010
929571
197844
711622
162128
182100
129949
1069349
235690
163569
1142230
401283
930011
1005083
312432
10680
16831
672309
10440
14638
146200
162979
18686
160080
627627
148111
697132
345474
929706
146104
422481
68608
48012
16614
19
1180660
238042
484792
1854
10638
117544
934104
16320
342788
627624
695871
1043259
525143
18619
176083
709176
618
69922
193513
1020097
130131
400145
16738
1001170
1068981
401478
17094
930026
11550
929931
184500
408965
17983
710810
420336
710880
460820
672204
15936
10728
284846
711486
930055
117372
1057
117701
146086
16429
1143884
64327
62387
1053183
930100
929764
130070
400770
673923
1412
334230
506838
403312
401822
64137
206771
52071
17794
1182862
163231
969060
15197
930862
9779
520073
146121
81589
299022
399612
1171212
1080339
146080
401879
496808
711781
17749
162728
1657
11817
500259
706820
16890
12659
10792
192974
184635
549333
15504
535446
398067
146413
1184393
11677
197834
451432
11783
711374
9471
676016
399194
10407
432273
10019
421994
154733
505414
68974
132219
552425
399790
930013
708994
1651
702898
1509
11255
10030
177344
116907
30536
402384
1005099
10498
340248
116909
544726
553991
1011266
874870
10483
329
711290
417901
69148
130137
76547
81470
405900
353070
14959
704127
117183
11407
16415
930977
949437
112514
214452
672356
1023635
864728
18048
780918
117685
18388
399751
18606
17773
1039416
526213
621640
217956
711569
1016724
490942
677137
16588
325660
1157105
130080
117752
1146106
711061
487428
1148
20
883633
12145
749
618450
929882
274257
13145
978
9529
18244
543255
402362
711740
61
930598
673558
681725
710795
399393
673723
12711
430084
430318
494959
682773
931624
1033894
678
646613
1149746
929942
1120
929503
492640
117180
13430
431721
10601
16886
392366
17743
11417
711571
16468
1077130
149340
117279
698012
202026
929663
1143864
12712
711572
958094
94393
130165
11599
117314
627863
1176343
708566
429948
451634
401340
11732
15422
929837
711514
431089
116835
92
402801
471069
11419
931567
15802
16425
709243
401582
711231
6691
489853
1396
673760
15553
673937
16247
155070
13357
496571
401743
23087
710785
910244
32025
929772
18653
400219
12681
68352
929497
707095
63715
1078706
711837
672182
520379
929958
263117
476132
12421
890078
1157042
68373
1719
1183782
18434
710748
153072
16809
117741
402108
156850
1082227
1313
803677
1143855
1167000
10116
130083
2073
705569
15531
564
1156988
780943
10505
200963
19185
1173793
454291
929939
117296
1156994
1941
14915
113499
18436
1007528
711265
8662
907661
13996
102310
117299
419865
929810
468153
10029
147535
10469
673677
1050977
296032
699449
11341
1064864
453641
69524
717915
658897
1059987
1182932
412373
63656
61663
1163178
929877
931629
929976
402334
402110
708707
551368
402391
706812
12707
1142118
401310
10297
117235
11180
402169
531221
711209
435807
162110
448
643405
539641
674467
1883
12940
117218
929750
410159
1184254
197755
117747
1078
1162353
1016044
945866
18386
710224
16049
406431
68789
406616
929726
676022
36995
703801
711848
401127
1030020
115737
381029
392668
154756
390458
711373
15898
399145
13782
1008412
12133
197465
10099
767517
135338
92363
711440
434017
712702
10280
15256
9783
401737
1137228
401845
718055
250594
818797
698981
162773
401541
673603
1060006
10309
10640
4715
63014
117739
536031
711074
18234
10758
10494
146732
5631
12404
399603
207013
942390
19282
549592
15527
780919
401352
935315
402918
117134
399606
1060032
11529
438084
733577
1082201
15990
673565
422880
1141989
75052
100299
43232
117432
1064679
673638
401944
117440
682056
670034
401103
17047
88
1077224
1140295
1184304
117119
16524
534783
218154
1039820
15820
549713
1006933
711663
312494
550390
496079
710362
154488
401412
130128
174564
1059984
936464
68662
146431
929867
401080
538129
466332
976524
410841
672405
647361
16995
1062610
1147025
710900
15694
816938
889327
399171
401178
130105
12648
117583
403834
289461
1908
17999
176797
1184333
12463
1051209
1167167
585006
534216
453492
875121
18361
707454
945775
698025
696890
933358
117227
523437
199225
708503
157165
399376
12297
708382
64025
531250
125055
207051
100310
146410
399497
146141
792927
710993
1166101
710882
1175139
1058562
233820
18220
11622
8413
546970
12331
827795
711481
148644
930056
117140
1861
929489
1158802
399977
774966
1051203
9855
934157
10777
929749
711069
788694
122
959261
1157185
146270
181527
479322
14492
929516
552239
400007
16884
129382
4412
99749
401779
541085
12204
934144
483344
117229
26856
201907
11571
10664
69391
15800
510323
804970
436686
399174
320460
117519
909910
207088
64121
930046
711378
717326
972415
698676
13896
186923
238
443
153269
774962
402438
17545
958097
1179508
18024
695959
400785
1157191
411748
899015
480168
930004
683379
402348
410403
420301
490952
391147
601840
11915
16454
15494
710342
147115
154193
402148
1639
708875
64036
52792
929811
401618
930043
1143858
402396
708545
707185
487504
488550
39490
400693
641728
503230
682418
1143861
1168260
146178
1143140
539637
388592
716094
669950
11585
390152
18000
19332
462362
10532
88851
146246
1949
672286
146206
16956
949406
1168395
710933
774967
558021
632123
929990
192331
711177
10460
52504
544
16955
1029583
554832
1005247
875242
635496
1142543
36477
816165
718134
68409
693456
484787
709218
400259
16245
130111
1030071
665468
492432
401549
143248
401938
12413
726733
978040
402616
1184762
1156834
56053
70149
929934
19285
929933
12702
929613
1140450
1163017
10753
9360
401691
62021
491323
62713
1004808
146201
146162
16478
1184561
683489
929918
11387
146679
426652
401658
963331
15528
16379
9478
9607
16063
532572
453765
17105
538408
402789
1030310
710013
11570
146341
132218
1167204
876714
148398
718078
95231
804083
16176
691
16490
1
712918
710657
28357
147321
178389
804743
387641
12106
710598
11068
711615
711496
17987
12672
12960
711518
929645
14924
930859
17515
400293
976593
16152
401918
130084
252
117594
1173281
162629
552095
61843
496592
16330
52234
930256
543197
976915
58788
6838
709029
289715
202438
718051
931574
929808
55476
1143889
402390
428080
401300
632750
711266
548558
401399
187318
10516
391145
481069
499258
680924
707986
708119
696174
816764
117387
408391
401516
63809
441
748035
929596
402665
19322
14923
173039
424908
144124
371127
561152
2392
11424
402364
9824
876691
1143896
16090
19377
10911
16130
419748
407654
425190
421653
1061718
960194
1183739
401778
711240
647358
646
550044
686361
15359
146379
1163069
708171
9537
480507
641871
673722
420196
1059650
711402
714229
116601
128041
929994
117289
161923
1951
1038913
416420
403719
1029377
10458
17540
16249
509866
146116
344679
12008
1184235
10910
671684
929785
146216
14240
14967
312396
402174
716262
17547
401781
145853
816166
710317
131998
1011253
501778
129378
726773
1161544
148208
710683
146123
399084
858613
9227
147615
711719
708958
673
1184773
1149002
1173704
18033
11306
117383
157982
487722
461033
419853
64407
216067
415608
400565
8868
929597
16547
711618
146261
422868
146209
266953
10281
57770
117098
19247
554533
187065
967897
402780
117580
10199
538504
219487
49837
1019938
64
802520
129372
1079863
692422
1170628
676013
17449
708236
116993
917778
18302
627611
14053
13406
642
999663
12242
930147
711762
140208
1183551
930012
30525
12267
534382
69738
709679
929894
196301
12250
945533
1093
1160867
163094
672305
451608
1060156
18123
182271
446103
929834
1167054
15027
976485
506421
543253
148669
68862
1082206
108714
937135
217199
711619
402866
711380
440585
1172695
116440
14773
1183832
184502
14529
540649
672185
421250
710566
11798
12142
274741
16216
931626
431725
10098
1182084
17779
401688
432615
146217
929667
675979
709900
1143897
1077148
15581
711469
1020098
392585
147009
17786
503380
12249
929605
117297
130126
9799
1143859
63789
402092
399124
541552
217380
673458
399461
18410
117677
949417
711640
20719
2022
711616
711057
146199
711390
673250
628053
553314
16042
709346
434180
929888
929992
423764
664364
17854
207400
399681
9603
92719
631664
1127
705816
401191
146203
467575
114549
491310
711011
149584
704883
390229
375742
709139
1145003
1060003
930061
677612
15670
712913
162957
10554
52758
370231
1060014
710645
19278
551633
130166
931627
715807
1029966
583685
328380
402425
1011413
934396
934938
929475
146688
553160
169509
16085
698106
929884
16541
30437
217356
15549
1143069
117561
446877
1156996
402855
1068980
146171
69546
437755
214762
401952
711457
717750
706884
146333
1138373
402081
11441
929951
11626
929686
561666
1029968
707901
14679
395689
117104
1178290
929572
1008291
694397
1170982
531230
531214
146935
1146534
11866
803892
401856
10308
163089
711267
15446
1184663
1144584
406166
689150
210175
711684
550245
706978
549306
816162
1138853
117228
342552
1911
1184323
295056
711566
15076
13500
218713
55563
1077132
401629
673625
98114
1049725
822091
708342
673209
17988
400732
9576
628097
1013321
173831
14577
473806
1061793
1167045
11361
747930
553471
1029815
196266
1020087
865593
788690
116585
17432
206895
18137
374208
14348
75043
718646
156351
1184666
930853
816175
931519
146155
68814
26300
407966
631408
975901
15868
16989
711046
288687
621528
17498
15017
714230
670095
710979
566
147359
149421
551427
9788
97898
1045053
15498
490767
147238
481537
1146640
929937
711521
5232
419476
69631
818926
935261
16369
1042975
184498
418447
117455
402400
1184570
18639
55068
13862
117371
505988
717794
4390
513892
657
14767
161881
29820
409758
955215
13764
420999
11388
343384
816138
929498
149672
1044551
929570
163207
218238
198785
1143847
117255
932423
934377
929885
174686
10543
146305
627567
117531
687707
1168823
930317
15759
16319
17465
1162
410951
397209
673560
1118
1036760
1184464
400078
16907
708551
10370
401898
146369
480017
342548
112382
117554
549910
1137701
1023608
343097
402533
1054
614
1158909
98145
515015
711476
930068
673258
8127
10109
442158
30758
1029846
915977
56752
130086
930039
437863
163040
628102
418
396517
11952
761009
1050649
711326
18293
18348
57794
742161
780934
15518
132220
1936
917718
421816
551528
917845
18096
9775
553386
142210
1004689
162711
16170
506565
1060005
425301
963561
347
549746
439404
217151
590454
16335
17826
1164284
435051
18301
12298
929671
1022333
10057
421968
18186
209834
673681
16755
15060
713868
498470
929518
492899
886059
816810
8005
934048
148112
915955
69235
165355
710798
714582
919428
11055
1005244
1016453
528
14051
15935
17555
929928
1160701
930007
936018
9838
380465
673644
711421
549781
13162
707119
476714
511171
1183784
16038
542653
1045812
182542
16532
690
696
147668
10674
129367
711858
923699
1059
617326
535170
1184660
429450
631677
192674
15336
729349
675
686173
331105
665067
156938
991
506991
931622
30362
179340
649250
17681
941131
146304
117584
510321
16972
78145
673572
15540
12393
615290
399379
1151295
710938
402116
10497
117158
1143867
1157142
1156248
17091
541958
710792
16849
704921
94527
694441
937049
18043
929970
699976
710737
929681
867475
353823
1591
704672
667997
710794
789126
711089
401183
490080
673626
673653
17647
117390
130076
531203
525756
1150034
929560
792
399998
146144
697184
117738
64293
585278
19971
876343
621516
711478
444160
75432
1322
453614
192255
19270
28664
12365
234641
402777
76311
982314
1029580
402367
18288
30388
444515
402406
711487
51914
480009
16111
9760
27247
10298
17892
411785
401465
401636
20817
146205
585267
400485
223993
402226
151675
262989
129366
62512
401945
171265
4729
146087
70199
1140113
130119
1146609
1175142
496572
401936
401317
680796
1011333
684261
1179947
1143898
50143
672266
425219
577808
703614
538622
14664
117640
774960
17469
129365
481386
435818
71678
510155
726768
12420
475660
18104
14691
64034
711417
628107
673210
177094
7377
10369
402333
384
929509
1043082
115887
711497
175673
17861
68495
1184659
117678
154487
711471
523423
9183
690483
81267
399729
155088
401657
400746
930680
16529
117137
708279
593
388688
9508
57782
12346
1146204
452527
422865
401537
402854
361085
400951
57758
1069347
401970
711229
225649
554034
402583
710697
729586
12107
12735
146401
156996
69879
414907
130085
1149
714700
15128
11539
549598
334352
648686
175163
148276
401703
63823
967324
401081
64046
332835
128618
157090
711114
12160
547394
757733
446621
1185649
645
117142
531222
1001
117236
417549
930008
114686
564105
934047
397788
117275
709140
164105
15326
402791
972046
401719
197820
154327
10118
68499
1159832
585274
100085
399794
68996
9567
63975
196856
731879
41585
930174
199327
14611
402089
929614
490078
17996
203806
10616
141527
711134
700388
778564
49258
343203
1077225
1177870
716091
1185169
673649
433263
479559
173476
11289
206889
16026
931616
12655
1143886
930063
427641
710457
198892
1053
5802
929476
130133
673741
697762
10611
17738
117716
11815
146406
210702
711474
64044
11633
399158
710658
146293
16904
401613
24782
402630
140694
519991
717942
210554
1184598
17539
710941
12749
148456
146439
15288
1138822
146340
472158
64082
402046
1175690
30534
446880
401617
15972
401422
678465
472871
401369
494809
710670
707425
549909
626191
468018
1011301
391009
709609
27285
554518
14694
976501
1328
710999
929850
646612
117682
14651
694225
818912
541597
549761
18112
711381
429765
935256
446269
12286
17009
12962
202434
14578
29971
390218
480118
11714
78799
928956
673516
68367
1146377
1019979
10296
1081817
554713
12695
399607
716092
444823
500264
10125
692713
21936
57709
1185182
146264
710567
31132
711332
149051
1039228
672404
1167215
1182991
1148463
10456
94740
524339
672166
1161260
207057
710722
1367
655327
113545
20765
1029795
930834
16467
538
117629
1023566
8865
1173826
19212
400653
931370
1158252
975968
433719
1028013
1019894
130094
68567
766975
10020
1170646
395691
12701
929540
14993
1157154
117377
18403
1143870
16091
710213
707586
711676
416976
420951
16174
917677
456277
206894
689558
11642
137814
64348
11595
1222
57792
929548
472368
707867
1173816
18589
693452
130096
401562
30746
711433
490766
11636
1051747
1170753
1537
1158903
15535
117003
12123
443167
203849
342647
132225
1179998
396266
117310
655331
932668
162506
9070
143933
549704
117274
162074
71127
14075
695886
929787
1043728
887118
401578
929822
490948
129368
404620
929732
781726
1323
425704
718570
929777
12679
162951
397461
10275
1142604
402270
745
18360
14760
10703
708683
100140
120668
104414
551407
15011
197843
8672
179986
816184
14581
549005
3073
491823
399137
401762
117333
1157747
113675
491168
63723
16518
11794
424347
12239
15182
401837
30376
717888
225396
1158734
709866
96588
402200
9126
551483
531197
401637
711850
709364
1152481
342586
130104
365671
1143893
14641
709045
712500
930967
161922
511587
716319
302031
735
16983
705108
1030052
17447
490895
929952
658899
402543
673543
117094
471076
1184547
1166646
15895
182107
708229
417548
18296
152412
731
711827
402651
549425
711008
863753
15666
929620
12949
709036
1037161
300087
13921
929532
123
402435
1436
552164
929929
708775
431823
929770
906
13432
11113
9542
673232
1157775
68351
552875
693129
30781
699426
130082
15782
17504
551794
1169965
400659
117117
402418
117494
174720
685054
117504
672184
1140
929980
206893
553239
9639
357686
716678
404954
12257
550041
673237
711854
708287
1029642
962417
190718
435049
672280
146098
1156983
168987
673715
694237
929517
146421
419591
726704
929996
365926
10411
929835
92352
401464
711499
11816
130122
710942
11914
17932
13657
117416
786
7075
14768
48013
717964
16155
200884
670037
949461
18331
11621
710940
711812
513179
709182
427237
100281
718426
892147
709281
1157240
402773
628743
10881
929708
225941
220972
469893
934044
1598
16376
15455
709804
566719
1296
12360
711635
181039
1160929
930252
17462
5095
117530
912523
705109
930950
301924
711909
1005029
710706
524267
1153070
61660
552527
1168819
1064043
117514
174259
711516
217332
1166949
16516
8137
6985
146895
400002
194442
896599
7007
64062
416713
399396
10402
10464
10397
1165074
854749
551740
17518
929657
1184312
711139
14525
672038
929510
1175097
1171213
14736
132173
70209
702
603
930050
1082207
11795
17708
803407
707247
600309
18154
153104
929494
1074606
696891
130115
320630
421264
177106
520405
16401
146404
1161739
401381
801293
436487
64029
498310
115815
1144731
1175084
75063
69138
1184555
16498
288
818829
187802
709610
718041
12661
401838
402428
18329
18106
12075
114984
1146820
967330
201561
673697
13414
1163945
482818
976193
1167140
1168418
1429
57705
600
929592
693654
1184542
553393
12703
56619
10108
16236
210395
16427
69561
399231
280867
711365
711639
444796
929964
685
929903
554037
395601
930709
63124
1158893
553274
18040
27333
344812
399584
4932
59225
210308
1146645
711391
711144
399856
929654
716093
17024
14228
104652
549002
710853
206801
711519
650
274077
1172765
15565
1011042
9850
461607
10299
929851
117700
1004673
348130
69534
707291
860064
129377
711030
343367
711593
617366
977133
401672
641803
163031
452406
802660
202432
14752
1077260
1148953
1146650
931620
538617
10912
710848
1167101
711617
1149710
1079649
18251
162855
2000
929897
673699
929703
416720
401539
778559
163522
1171351
491507
94174
55559
1174643
62490
549189
631622
1009922
149451
673709
1168825
43238
468573
526287
9545
18266
412842
709403
112119
1175640
12439
1176606
52553
423145
711810
52789
552189
402268
402680
929880
16521
16308
217192
18102
1184669
929773
539240
10088
1176936
711467
401684
1143865
929821
1005071
299108
405106
41747
654618
956050
12255
216126
555107
702690
11302
794414
929678
1037089
798164
10111
630635
11808
186398
673519
18415
402423
1140213
581988
16348
90391
69317
17461
130163
117655
1172753
130069
550017
10451
95313
690384
686345
14700
16531
1171118
929914
535451
549730
69243
525993
146213
597
453975
673665
204449
11418
16549
15665
1672
711404
16441
717943
554607
187744
10665
552098
11956
17785
549693
1143862
197647
30750
708310
420338
162983
942401
17689
929675
154490
1013539
377173
12397
672355
1141932
192777
514099
18185
262212
87
18647
400556
479816
531248
1043742
929727
112373
15883
710739
549093
708333
190908
976429
536850
930267
1157152
711341
976556
633724
1053179
694812
188090
402398
531629
929827
710902
525998
12235
1029969
789129
711480
399109
1025413
711661
929668
554953
11620
69882
617049
1740
502563
523399
299977
970283
123652
537727
899948
392798
707101
970998
402394
19012
549381
929488
798514
16395
1000435
499969
948974
11472
1082212
274226
711294
645042
442847
146342
511581
1532
15655
931522
180340
11262
9854
10201
535603
46410
210174
495737
510508
117097
541035
926012
2174
142338
390321
402431
704669
711410
13986
117334
986422
1098
552234
11505
69533
131721
929711
1174148
162531
274794
401106
933960
18252
12070
391528
150816
117634
224752
1137108
68552
55390
929926
711580
9794
412854
149453
20740
401012
711540
399082
320157
17830
18300
404732
521770
390197
420919
717956
480444
1156975
1162229
522125
1185709
929969
13403
549341
401839
182824
723853
1143834
117302
531236
431087
399846
189428
1138828
531507
673624
10596
1172693
711696
542
11227
400506
16482
689690
11250
711859
399838
852188
709911
742162
498261
63725
1143625
625758
1572
10204
976812
1050746
225426
391143
117538
484788
929848
10597
1170
19261
401902
401430
14655
117435
934278
707177
18194
19325
1715
929483
549676
406731
630925
217221
929590
706951
711459
711148
399125
693449
1183863
756063
12723
420652
1140130
962813
57462
64073
61642
484785
130109
976571
308
15396
17538
117196
1728
12429
15174
711852
673650
16924
708830
9669
401907
69636
117543
11851
12137
16412
931560
700820
62966
14642
16459
3398
9631
52476
62866
407120
929842
673753
1155
711713
903416
688331
819
929659
509344
401302
736743
18356
961
401977
803745
1175576
17534
929542
17935
399375
401801
1145628
130108
187060
816157
156815
146295
63187
792928
114986
931945
117427
711309
1167522
931617
685932
930485
1143782
11576
163074
130095
401665
117317
15668
1157002
761835
1059532
976296
14496
473906
12956
401683
343415
598933
15953
10031
63727
635490
14776
911627
10558
1172502
402439
68041
51668
553263
552238
540654
12104
710990
617363
18049
711725
112056
1029687
676707
934075
1076855
976919
10560
31033
762397
30230
26285
11878
687539
711592
409273
18212
929660
721804
14652
10475
924615
422179
415792
63193
600536
11778
1144278
717736
12059
673547
399182
11291
402784
399146
491932
15162
10034
1643
279064
79642
673246
931915
1184176
1139645
15180
711029
929554
718049
684182
627602
762712
525571
201546
495688
398295
710565
13966
427643
17306
711173
1066525
711638
372775
58342
201220
15122
8969
63976
12290
884310
1177370
476860
711068
391142
929733
26848
149411
711659
1169914
967443
18467
10629
549642
15974
225435
10691
531229
10110
553663
63413
1173648
67909
484379
17755
549095
553257
401474
1142002
704673
875237
9558
11466
708076
146299
721764
929901
217309
117136
903415
931666
673569
1005076
15069
162952
63447
117549
672434
1004848
711001
131996
390306
18209
758
9784
402448
1158907
15804
716343
400577
1175153
12357
711567
711037
402297
709576
11294
13429
929786
709858
1004809
102264
390144
421614
12347
1167052
929506
30807
18358
1143887
117340
1005069
532654
236034
337944
716134
117740
9474
146434
696339
1068701
929627
929676
391130
930018
146196
10679
936465
929751
706996
185890
497934
309370
13404
183420
15403
746003
518121
580431
18223
536282
464573
399052
691974
1168396
618123
18366
15238
1174416
16377
929551
942961
711743
2288
711422
474210
1184672
949434
934176
929844
1277
129374
976331
496462
1060064
711269
15790
9703
929470
406761
10869
399230
16028
726769
929991
401410
930009
1029972
431530
207010
116212
427731
437320
511623
10202
402397
179951
400175
929740
16386
1138272
201066
709891
708181
711456
198818
1059546
9536
1156970
8800
176559
711507
711141
16037
76848
423729
773398
804330
8755
206959
1004927
710691
456351
707902
117746
18224
628066
15807
750418
711645
710095
147510
14740
400011
401298
16742
10114
63995
68670
1012286
197840
402363
117539
531219
401655
433
15798
806616
1161740
767516
225722
542671
672887
117159
68348
16457
677753
10660
149325
97275
710650
9710
18221
152922
645047
709477
402424
93171
1182560
680318
223994
16153
929683
1163518
1170955
538765
117256
490944
203782
148882
930936
711751
14715
400487
47323
929699
547113
549042
12295
146417
175210
631
425649
58763
402413
14754
711835
643002
704671
401873
218153
30422
673717
16400
726745
930158
497052
12720
30538
1175011
9107
711780
390161
685683
401660
12718
146164
117269
401480
16099
117508
146350
129845
440318
117593
946
673220
14697
281810
1029752
64068
14433
18378
148840
686619
117163
710804
415256
16133
463481
117638
708210
967641
1080196
1160702
61853
1057790
402932
933107
11807
963305
215420
530
117581
390146
737231
428855
16553
1033892
530619
711739
673758
549099
411563
16566
61844
402598
12311
130101
10946
11722
117730
18422
162885
1398
883638
75057
115584
337994
402010
200619
515435
1165090
117718
763920
182099
716722
1029598
932
15580
711501
711194
11923
402419
19936
195287
159218
401674
492135
146066
234094
929955
216359
68816
1184769
14978
400962
10496
9867
1059531
402905
17453
10474
8563
207217
401930
1141250
18398
17549
931590
345899
929965
695003
207032
1023780
710788
552210
687
930044
1176235
114980
1146621
30384
10842
18370
217676
401926
960193
711115
116912
902706
129373
14681
402003
78096
929545
117106
550021
9813
175846
399224
13415
146412
12127
11573
10709
708557
473275
936382
404021
538406
405740
1611
12959
146082
171209
711734
562844
710812
929795
1163
929984
711221
401712
929966
14844
551442
554386
69554
711620
402055
401710
672366
929757
14249
444158
929742
1184138
411107
711807
15511
14903
2406
929704
8626
11901
711851
498865
19017
130130
120105
15034
515433
1145507
146481
147041
14516
396
14709
976091
1175714
17107
117532
1170937
945793
11279
549973
224656
402858
57950
146083
1004586
681191
11458
714231
929480
709603
68375
1051210
672378
1026163
451629
330572
13433
15201
929611
217955
1139639
146168
721751
698778
401117
539
521
468540
1185148
160
140003
930849
199444
711058
707396
16976
17886
15679
367967
1082200
13113
132224
68917
113471
15020
929715
525105
11718
709394
11110
910108
708629
402358
929995
673695
490951
16410
11845
11712
711284
401553
1143021
1163878
146352
61722
389191
553231
964811
219241
16471
15397
80006
10035
617367
15126
929594
1686
191884
500629
401557
17535
116908
929861
68342
1061651
711624
18203
484681
402139
12041
930226
683245
711093
76031
162713
14613
146770
176552
711401
196984
739388
15423
29849
75074
687466
383
748
274764
1948
155840
401364
402420
402613
146428
1157029
1005415
442385
577217
708447
770548
673578
537391
929784
401309
492642
929831
30509
750420
1008173
1157918
906162
401961
707516
321573
522525
12105
17736
461043
399128
387099
177343
397116
14543
1080928
929978
535938
18337
693454
201736
945910
169449
147016
16097
16979
976292
9883
618691
672167
100086
711026
403814
200663
49046
948556
697133
356283
15808
680317
402433
929477
1038064
708178
673528
717844
7367
390353
1700
816159
117311
1944
711753
1156991
549904
229480
1138982
416721
401885
141226
706875
402809
450
201206
934178
16159
929501
1051202
673551
10010
1476
401387
14964
62945
673682
676776
475274
1078090
12706
117535
711096
511275
515911
553123
532810
1025643
146291
697676
402228
402432
16372
679350
415958
929920
584974
696354
711432
531249
711733
5936
12747
17816
80362
399397
12961
444264
1154008
909911
506589
693455
117687
1043756
391140
14762
68372
162699
1159217
344813
402430
20739
513871
17739
402221
66
16168
518004
210604
421495
712903
1146580
13165
6615
1153844
168767
708956
18141
673669
97
12714
391574
201104
14718
57032
201190
431629
146172
930025
599173
548301
553475
1047539
10582
26330
930045
120558
69183
63555
10062
710532
707031
48031
342677
14218
10037
146435
56601
930446
915947
1157039
11116
64063
663
146257
320615
929946
490647
12266
15375
710763
718071
455276
1170599
1138491
14687
820
1052572
12109
389950
524872
85293
589
672354
929828
204058
929985
402133
146230
1152256
399665
162019
376937
525116
539883
69873
1920
146223
162631
893834
696018
929504
140702
711704
68440
929669
10667
1184416
112
101584
553052
18282
929968
12143
938771
30352
162991
12708
390347
479818
146231
931880
711271
425
929954
117139
1004756
444578
523931
414910
75873
194771
91751
929936
711750
929719
339445
17059
217225
14615
402385
710939
711643
710557
64040
710799
129381
929753
399924
117110
217204
710685
69251
400313
710929
929555
708749
18650
62826
446876
1012605
9192
542646
537870
440592
117277
116966
171781
9873
146085
678608
206865
129361
7493
631181
708126
402211
12399
218819
495354
711511
312424
11416
163071
11648
425655
117537
540751
929789
312421
1175101
15465
935128
8683
68548
17777
10710
15343
620238
13431
710652
146153
15711
68472
146152
217424
673628
711406
1181498
717460
162082
1059529
9797
9772
153229
5572
17460
654379
20712
843240
832
146436
130112
130081
9812
12090
419980
399226
11560
9704
14722
467236
929653
647359
162961
1019880
286052
325274
83263
539261
930295
402861
787
10561
405318
717649
706860
1077145
169995
15900
130121
401842
9858
929696
670096
673222
930769
710440
467233
93077
114525
70205
149416
531244
388537
930066
9020
17454
1080841
18215
10092
1172706
428075
216362
184501
402000
402713
770415
14612
146689
19019
711576
767522
553470
929599
704917
18303
789820
660152
161576
217415
97855
198249
929507
196855
929710
399462
711843
16086
710708
505333
1175092
19337
